1 1 0.6166666666666667 0.10338541666666666 0.04814814814814815 0.0546875
2 2 0.6685185185185185 0.10416666666666667 0.04814814814814815 0.05416666666666667
3 3 0.7777777777777778 0.10572916666666667 0.04814814814814815 0.05520833333333333
4 4 0.9050925925925926 0.10807291666666667 0.049074074074074076 0.05572916666666667
4 5 0.9837962962962963 0.109375 0.032407407407407406 0.05520833333333333
5 6 0.5615740740740741 0.1125 0.04351851851851852 0.034375
6 8 0.7185185185185186 0.11458333333333333 0.03333333333333333 0.035416666666666666
6 11 0.9699074074074074 0.11927083333333334 0.012037037037037037 0.034375
17 16 0.8231481481481482 0.12604166666666666 0.024074074074074074 0.015625
7 19 0.7708333333333334 0.38958333333333334 0.10833333333333334 0.15104166666666666
17 20 0.7675925925925926 0.23567708333333334 0.06296296296296296 0.04739583333333333
17 21 0.9925925925925926 0.23854166666666668 0.014814814814814815 0.04895833333333333
8 22 0.5513888888888889 0.38671875 0.11203703703703703 0.15052083333333333
17 29 0.5 0.06822916666666666 1.0 0.13645833333333332
9 30 0.3111111111111111 0.21015625 0.06666666666666667 0.08385416666666666
10 32 0.4740740740740741 0.10598958333333333 0.07222222222222222 0.06510416666666667
10 33 0.3976851851851852 0.08645833333333333 0.075 0.08020833333333334
10 34 0.3199074074074074 0.08515625 0.075 0.08072916666666667
17 37 0.17546296296296296 0.21796875 0.06574074074074074 0.0640625
17 38 0.4949074074074074 0.421875 0.010185185185185186 0.078125
17 39 0.4310185185185185 0.40703125 0.10462962962962963 0.1328125
17 40 0.3194444444444444 0.39895833333333336 0.10555555555555556 0.11979166666666667
17 41 0.20185185185185187 0.38125 0.11666666666666667 0.15
17 42 0.08425925925925926 0.3802083333333333 0.12037037037037036 0.15208333333333332
17 43 0.14212962962962963 0.41692708333333334 0.012037037037037037 0.07864583333333333
17 44 0.014351851851851852 0.3890625 0.028703703703703703 0.13125
17 45 0.027777777777777776 0.41302083333333334 0.016666666666666666 0.08333333333333333
10 46 0.7171296296296297 0.41640625 0.025 0.0859375
10 47 0.6509259259259259 0.4010416666666667 0.1 0.12604166666666666
10 48 0.8796296296296297 0.39088541666666665 0.1111111111111111 0.15052083333333333
17 49 0.8277777777777777 0.41875 0.024074074074074074 0.09270833333333334
11 50 0.9708333333333333 0.39348958333333334 0.058333333333333334 0.14739583333333334
11 52 0.9472222222222222 0.4080729166666667 0.044444444444444446 0.1171875
12 56 0.9810185185185185 0.24791666666666667 0.01574074074074074 0.029166666666666667
12 57 0.9486111111111111 0.24635416666666668 0.05277777777777778 0.03229166666666667
12 60 0.8921296296296296 0.23619791666666667 0.06388888888888888 0.050520833333333334
17 61 0.8240740740740741 0.24479166666666666 0.053703703703703705 0.03125
17 62 0.8569444444444444 0.246875 0.012037037037037037 0.027083333333333334
17 68 0.7 0.24348958333333334 0.053703703703703705 0.028645833333333332
17 70 0.6425925925925926 0.23411458333333332 0.06111111111111111 0.0484375
14 71 0.5800925925925926 0.2328125 0.062037037037037036 0.04791666666666667
15 77 0.44583333333333336 0.24635416666666668 0.058333333333333334 0.03958333333333333
15 79 0.5120370370370371 0.23125 0.06111111111111111 0.04895833333333333
17 80 0.38564814814814813 0.22916666666666666 0.062037037037037036 0.04895833333333333
17 81 0.24537037037037038 0.22916666666666666 0.06296296296296296 0.04375
17 84 0.031018518518518518 0.20520833333333333 0.062037037037037036 0.084375
17 85 0.0962962962962963 0.20651041666666667 0.06851851851851852 0.08489583333333334
15 92 0.46435185185185185 0.5921875 0.08796296296296297 0.15
15 93 0.4217592592592593 0.61875 0.013888888888888888 0.06666666666666667
15 94 0.29768518518518516 0.7947916666666667 0.09722222222222222 0.15
17 95 0.8712962962962963 0.81328125 0.08333333333333333 0.12135416666666667
16 97 0.6814814814814815 0.8135416666666667 0.08888888888888889 0.11770833333333333
16 99 0.5953703703703703 0.8059895833333334 0.09259259259259259 0.13177083333333334
16 100 0.549537037037037 0.83515625 0.013888888888888888 0.07239583333333334
16 101 0.49398148148148147 0.8200520833333333 0.08981481481481482 0.13385416666666666
16 103 0.4027777777777778 0.8046875 0.09259259259259259 0.13229166666666667
16 108 0.20092592592592592 0.8015625 0.09444444444444444 0.11041666666666666
16 109 0.09074074074074075 0.7932291666666667 0.10555555555555556 0.15104166666666666
16 110 0.13796296296296295 0.8127604166666667 0.016666666666666666 0.09010416666666667
16 111 0.1425925925925926 0.8192708333333333 0.014814814814814815 0.07708333333333334
16 112 0.021296296296296296 0.7924479166666667 0.04259259259259259 0.15052083333333333
16 113 0.0375 0.8158854166666667 0.021296296296296296 0.1015625
16 114 0.040740740740740744 0.84140625 0.016666666666666666 0.05260416666666667
17 116 0.7925925925925926 0.80703125 0.0962962962962963 0.1328125
17 117 0.7439814814814815 0.8330729166666667 0.021296296296296296 0.07864583333333333
17 118 0.7333333333333333 0.8393229166666667 0.018518518518518517 0.06614583333333333
17 119 0.9629629629629629 0.8083333333333333 0.07407407407407407 0.13229166666666667
17 120 0.9310185185185185 0.81484375 0.041666666666666664 0.11822916666666666
17 121 0.9203703703703704 0.8205729166666667 0.03148148148148148 0.10677083333333333
17 122 0.5615740740740741 0.5848958333333333 0.09166666666666666 0.13854166666666667
17 123 0.6555555555555556 0.5861979166666667 0.09259259259259259 0.13802083333333334
17 124 0.9898148148148148 0.5997395833333333 0.020370370370370372 0.11614583333333334
17 126 0.8287037037037037 0.5971354166666667 0.09074074074074075 0.11927083333333334
17 127 0.9185185185185185 0.5981770833333333 0.09259259259259259 0.11927083333333334
17 128 0.9819444444444444 0.5989583333333334 0.03611111111111111 0.11770833333333333
17 130 0.5120370370370371 0.6190104166666667 0.011111111111111112 0.06822916666666666
17 131 0.6078703703703704 0.6171875 0.008333333333333333 0.07395833333333333
17 132 0.7324074074074074 0.6049479166666667 0.07222222222222222 0.1015625
17 133 0.7814814814814814 0.6153645833333333 0.020370370370370372 0.08072916666666667
17 134 0.9717592592592592 0.6075520833333333 0.026851851851851852 0.10052083333333334
